[data sets]
zeff = 2.334
ini files = qsoxlyalya.ini qsoxlyalyb.ini

[cosmo-fit type]
cosmo fit func = ap_at

[fiducial]
filename = PlanckDR16/PlanckDR16.fits

[control]
sampler = False
chi2 = True

[output]
filename = dr16_cross.fits

[Polychord]
seed = 2
nlive = 400
num_repeats = 16
path = output_path
name = dr16_cross

[sample]
ap = True
at = True
bias_eta_LYA = True
beta_LYA = True
drp_QSO = True
sigma_velo_disp_lorentz_QSO = True
bias_eta_SiII(1260) = -0.02 0. -0.0026756210856865984 0.01
bias_eta_SiIII(1207) = -0.02 0. -0.004500501963425506 0.01
bias_eta_SiII(1193) = -0.02 0. -0.0020176237974432443 0.01
bias_eta_SiII(1190) = -0.02 0. -0.002938954583714029 0.01
#bias_eta_CIV(eff) = -0.02 0. -0.005210131497292769 0.01

[priors]
#beta_hcd = gaussian 0.5 0.09
#bias_eta_CIV(eff) = gaussian -0.005 0.0026

[parameters]
ap = 1.0
at = 1.0

bias_eta_LYA = -0.2010184007936436
beta_LYA = 1.6689842055246313
alpha_LYA = 2.9

bias_hcd = -0.05229593809709332
beta_hcd = 0.6460697027489717
L0_hcd = 10.

bias_eta_SiII(1260) = -0.0026756210856865984
beta_SiII(1260) = 0.5
alpha_SiII(1260) = 1.0

bias_eta_SiIII(1207) = -0.004500501963425506
beta_SiIII(1207) = 0.5
alpha_SiIII(1207) = 1.0

bias_eta_SiII(1193) = -0.0020176237974432443
beta_SiII(1193) = 0.5
alpha_SiII(1193) = 1.0

bias_eta_SiII(1190) = -0.002938954583714029
beta_SiII(1190) = 0.5
alpha_SiII(1190) = 1.0

bias_eta_CIV(eff) = -0.005210131497292769
beta_CIV(eff) = 0.27
alpha_CIV(eff) = 1.

bao_amp = 1.
sigmaNL_per = 3.24
sigmaNL_par = 6.36984
growth_rate = 0.970386193694752

bias_eta_QSO = 1.
beta_QSO = 0.26016382805868005
alpha_QSO = 1.44
drp_QSO = 0.2540594873990489
sigma_velo_disp_lorentz_QSO = 7.772443711873628

qso_rad_strength = 0.7386158105819112
qso_rad_asymmetry = 0.
qso_rad_lifetime = 9e99
qso_rad_decrease = 300.
