[data sets]
zeff = 2.334
ini files = lyalyaxlyalya.ini lyalyaxlyalyb.ini

[cosmo-fit type]
cosmo fit func = ap_at

[fiducial]
filename = PlanckDR16/PlanckDR16.fits

[control]
sampler = False
chi2 = True

[output]
filename = dr16_auto.fits

[Polychord]
seed = 2
nlive = 400
num_repeats = 16
path = output_path
name = dr16_auto

[sample]
ap = True
at = True
bias_eta_LYA = True
beta_LYA = True
bias_hcd = True
beta_hcd = True
bias_eta_SiII(1260) = -0.02 0. -0.0026756210856865984 0.01
bias_eta_SiIII(1207) = -0.02 0. -0.004500501963425506 0.01
bias_eta_SiII(1193) = -0.02 0. -0.0020176237974432443 0.01
bias_eta_SiII(1190) = -0.02 0. -0.002938954583714029 0.01
bias_eta_CIV(eff) = -0.02 0. -0.005210131497292769 0.01
BB-lyaxlya-0-broadband_sky-scale-sky = 0 0.5 0.009398379078751866 0.1
BB-lyaxlya-0-broadband_sky-sigma-sky = 10 60 31.35505236212863 0.1
BB-lyaxlyb-0-broadband_sky-scale-sky = 0 0.5 0.013316660322206282 0.1
BB-lyaxlyb-0-broadband_sky-sigma-sky = 10 60 34.057035962324306 0.1

[priors]
beta_hcd = gaussian 0.5 0.09
bias_eta_CIV(eff) = gaussian -0.005 0.0026

[parameters]
ap = 1.0
at = 1.0

bias_eta_LYA = -0.2010184007936436
beta_LYA = 1.6689842055246313
alpha_LYA = 2.9

bias_hcd = -0.05229593809709332
beta_hcd = 0.6460697027489717
L0_hcd = 10.

bias_eta_SiII(1260) = -0.0026756210856865984
beta_SiII(1260) = 0.5
alpha_SiII(1260) = 1.0

bias_eta_SiIII(1207) = -0.004500501963425506
beta_SiIII(1207) = 0.5
alpha_SiIII(1207) = 1.0

bias_eta_SiII(1193) = -0.0020176237974432443
beta_SiII(1193) = 0.5
alpha_SiII(1193) = 1.0

bias_eta_SiII(1190) = -0.002938954583714029
beta_SiII(1190) = 0.5
alpha_SiII(1190) = 1.0

bias_eta_CIV(eff) = -0.005210131497292769
beta_CIV(eff) = 0.27
alpha_CIV(eff) = 1.

BB-lyaxlya-0-broadband_sky-scale-sky = 0.009398379078751866
BB-lyaxlya-0-broadband_sky-sigma-sky = 31.35505236212863

BB-lyaxlyb-0-broadband_sky-scale-sky = 0.013316660322206282
BB-lyaxlyb-0-broadband_sky-sigma-sky = 34.057035962324306

bao_amp = 1.
sigmaNL_per = 3.24
sigmaNL_par = 6.36984
growth_rate = 0.970386193694752

dnl_arinyo_q1 = 0.8558
dnl_arinyo_kv = 1.11454
dnl_arinyo_av = 0.5378
dnl_arinyo_bv = 1.607
dnl_arinyo_kp = 19.47
