[data sets]
zeff = 2.334
ini files = qsoxlyalya.ini qsoxlyalyb.ini

[cosmo-fit type]
cosmo fit func = ap_at

[fiducial]
filename = PlanckDR16/PlanckDR16_z_2.334.fits

[control]
sampler = False
chi2 = True

[output]
filename = dr16_cross.fits

[Polychord]
seed = 2
num_live = 400
num_repeats = 16
path = output_path
name = dr16_cross

[sample]
ap = 0.1 2. 1.056 0.05
at = 0.1 2. 0.952 0.05
bias_eta_LYA = -2. 0. -0.2222 0.01
beta_LYA = 0. 5. 1.92 0.1
drp_QSO = -3. 3. -0.25 0.1
sigma_velo_disp_lorentz_QSO = 0. 12. 7.77 0.1
bias_eta_SiII(1260) = -0.02 0.02 -0.0018 0.01
bias_eta_SiIII(1207) = -0.02 0.02 -0.00092 0.01
bias_eta_SiII(1193) = -0.02 0.02 0.0014 0.01
bias_eta_SiII(1190) = -0.02 0.02 -0.0036 0.01
#bias_eta_CIV(eff) = -0.02 0. -0.005210131497292769 0.01

[priors]
#beta_hcd = gaussian 0.5 0.09
#bias_eta_CIV(eff) = gaussian -0.005 0.0026

[parameters]
ap = 1.0
at = 1.0

bias_eta_LYA = -0.2010184007936436
beta_LYA = 1.6689842055246313
alpha_LYA = 2.9

bias_hcd = -0.0501
beta_hcd = 0.703
L0_hcd = 10.

bias_eta_SiII(1260) = -0.0026756210856865984
beta_SiII(1260) = 0.5
alpha_SiII(1260) = 1.0

bias_eta_SiIII(1207) = -0.004500501963425506
beta_SiIII(1207) = 0.5
alpha_SiIII(1207) = 1.0

bias_eta_SiII(1193) = -0.0020176237974432443
beta_SiII(1193) = 0.5
alpha_SiII(1193) = 1.0

bias_eta_SiII(1190) = -0.002938954583714029
beta_SiII(1190) = 0.5
alpha_SiII(1190) = 1.0

bias_eta_CIV(eff) = -0.0048
beta_CIV(eff) = 0.27
alpha_CIV(eff) = 1.

bao_amp = 1.
sigmaNL_per = 3.24
sigmaNL_par = 6.36984
growth_rate = 0.970386193694752

bias_eta_QSO = 1.
beta_QSO = 0.2602
alpha_QSO = 1.44
drp_QSO = 0.2540594873990489
sigma_velo_disp_lorentz_QSO = 7.772443711873628

qso_rad_strength = 0.739
qso_rad_asymmetry = 0.
qso_rad_lifetime = 9e99
qso_rad_decrease = 300.
